,GDP,Total Miles,MPG,PAACD,PAACB,Year
0,15626.028999999999,3031124,21.3,20.83,28034208.0,2007
1,15604.687,2976528,21.8,25.62,26630325.0,2008
2,15208.833999999999,2956764,21.7,17.9,25814788.0,2009
3,15598.753,2967266,21.5,21.54,26190308.0,2010
4,15840.663999999999,2950402,21.4,27.55,25785221.0,2011
5,16197.007,2969433,21.5,28.41,25272366.0,2012
6,16495.369,2988280,21.6,27.74,25650321.0,2013
7,16912.038,3025656,21.4,26.73,26034264.0,2014
8,17403.843,3095373,22.0,19.16,26420723.0,2015
9,17688.89,3174408,22.0 ,16.7,26958202.0,2016
10,18108.082,3212347,22.3,18.92,27144978.0,2017
